-0.5	0.48781801238356753
-0.499	0.4884202608992423
-0.498	0.4890198333445089
-0.497	0.4896167529741931
-0.496	0.4902110426474898
-0.495	0.4908027248370017
-0.494	0.4913918216375052
-0.493	0.4919783547744756
-0.492	0.49256234561235746
-0.491	0.4931438151626013
-0.49	0.49372278409146875
-0.489	0.4942992727276241
-0.488	0.49487330106950433
-0.487	0.49544488879249
-0.486	0.49601405525587583
-0.485	0.49658081950964467
-0.484	0.49714520030106407
-0.483	0.4977072160810949
-0.482	0.49826688501063016
-0.481	0.4988242249665714
-0.48	0.4993792535477306
-0.479	0.49993198808058864
-0.478	0.5004824456248897
-0.477	0.5010306429790947
-0.476	0.5015765966856955
-0.475	0.5021203230363822
-0.474	0.5026618380770875
-0.473	0.5032011576128905
-0.472	0.5037382972128036
-0.471	0.5042732722144386
-0.47	0.5048060977285435
-0.469	0.5053367886434436
-0.46799999999999997	0.5058653596293542
-0.46699999999999997	0.5063918251425961
-0.46599999999999997	0.5069161994297088
-0.46499999999999997	0.5074384965314521
-0.46399999999999997	0.5079587302867237
-0.463	0.5084769143363681
-0.462	0.508993062126905
-0.461	0.5095071869141632
-0.46	0.510019301766824
-0.459	0.510529419569888
-0.458	0.5110375530280533
-0.457	0.5115437146690222
-0.456	0.5120479168467178
-0.455	0.5125501717444374
-0.454	0.513050491377934
-0.453	0.5135488875984103
-0.452	0.5140453720954667
-0.451	0.5145399563999639
-0.45	0.51503265188683
-0.449	0.515523469777803
-0.448	0.5160124211441076
-0.447	0.5164995169090776
-0.446	0.5169847678507178
-0.445	0.517468184604208
-0.444	0.5179497776643507
-0.443	0.5184295573879713
-0.442	0.5189075339962628
-0.441	0.5193837175770714
-0.44	0.5198581180871501
-0.439	0.5203307453543473
-0.438	0.5208016090797578
-0.437	0.5212707188398249
-0.436	0.5217380840883998
-0.435	0.5222037141587551
-0.434	0.5226676182655592
-0.433	0.5231298055068058
-0.432	0.523590284865706
-0.431	0.5240490652125415
-0.43	0.5245061553064759
-0.429	0.5249615637973368
-0.428	0.5254152992273482
-0.427	0.5258673700328454
-0.426	0.5263177845459402
-0.425	0.526766550996156
-0.424	0.5272136775120375
-0.423	0.5276591721227207
-0.422	0.5281030427594736
-0.421	0.5285452972572082
-0.42	0.5289859433559608
-0.419	0.5294249887023429
-0.418	0.5298624408509663
-0.417	0.5302983072658398
-0.416	0.5307325953217353
-0.415	0.5311653123055349
-0.414	0.5315964654175416
-0.413	0.5320260617727786
-0.41200000000000003	0.5324541084022504
-0.41100000000000003	0.5328806122541888
-0.41000000000000003	0.5333055801952726
-0.40900000000000003	0.5337290190118243
-0.40800000000000003	0.534150935410984
-0.40700000000000003	0.5345713360218641
-0.406	0.5349902273966773
-0.405	0.535407616011853
-0.404	0.5358235082691184
-0.403	0.536237910496579
-0.402	0.5366508289497609
-0.401	0.5370622698126475
-0.4	0.5374722391986899
-0.399	0.5378807431518019
-0.398	0.5382877876473389
-0.397	0.5386933785930562
-0.396	0.5390975218300474
-0.395	0.5395002231336794
-0.394	0.5399014882144928
-0.393	0.5403013227190994
-0.392	0.540699732231061
-0.391	0.5410967222717473
-0.39	0.5414922983011888
-0.389	0.5418864657189074
-0.388	0.5422792298647344
-0.387	0.542670596019615
-0.386	0.5430605694064009
-0.385	0.5434491551906258
-0.384	0.5438363584812682
-0.383	0.5442221843315075
-0.382	0.5446066377394578
-0.381	0.5449897236488964
-0.38	0.545371446949977
-0.379	0.5457518124799313
-0.378	0.5461308250237623
-0.377	0.5465084893149209
-0.376	0.5468848100359738
-0.375	0.5472597918192647
-0.374	0.5476334392475521
-0.373	0.5480057568546541
-0.372	0.5483767491260713
-0.371	0.5487464204995974
-0.37	0.549114775365932
-0.369	0.5494818180692711
-0.368	0.5498475529078967
-0.367	0.55021198413475
-0.366	0.5505751159580056
-0.365	0.5509369525416239
-0.364	0.5512974980059036
-0.363	0.5516567564280259
-0.362	0.5520147318425825
-0.361	0.5523714282421052
-0.36	0.5527268495775799
-0.359	0.5530809997589546
-0.358	0.5534338826556409
-0.357	0.5537855020970107
-0.356	0.5541358618728751
-0.355	0.5544849657339691
-0.354	0.5548328173924166
-0.353	0.5551794205222006
-0.352	0.5555247787596134
-0.351	0.5558688957037118
-0.35	0.5562117749167591
-0.349	0.556553419924659
-0.348	0.5568938342173895
-0.347	0.5572330212494228
-0.346	0.5575709844401489
-0.345	0.557907727174279
-0.344	0.558243252802259
-0.34299999999999997	0.55857756464066
-0.34199999999999997	0.5589106659725814
-0.34099999999999997	0.5592425600480317
-0.33999999999999997	0.5595732500843156
-0.33899999999999997	0.5599027392664058
-0.33799999999999997	0.5602310307473184
-0.33699999999999997	0.5605581276484793
-0.33599999999999997	0.5608840330600809
-0.33499999999999996	0.5612087500414428
-0.33399999999999996	0.561532281621359
-0.33299999999999996	0.5618546307984443
-0.33199999999999996	0.5621758005414758
-0.33099999999999996	0.5624957937897301
-0.32999999999999996	0.5628146134533111
-0.32899999999999996	0.563132262413483
-0.32799999999999996	0.5634487435229846
-0.32699999999999996	0.5637640596063522
-0.32599999999999996	0.5640782134602328
-0.32499999999999996	0.5643912078536922
-0.324	0.5647030455285186
-0.323	0.5650137291995252
-0.322	0.565323261554847
-0.321	0.5656316452562313
-0.32	0.5659388829393267
-0.319	0.5662449772139718
-0.318	0.5665499306644687
-0.317	0.5668537458498677
-0.316	0.5671564253042337
-0.315	0.5674579715369231
-0.314	0.5677583870328441
-0.313	0.568057674252722
-0.312	0.5683558356333572
-0.311	0.5686528735878829
-0.31	0.5689487905060161
-0.309	0.5692435887543055
-0.308	0.5695372706763813
-0.307	0.5698298385931939
-0.306	0.570121294803254
-0.305	0.5704116415828716
-0.304	0.5707008811863855
-0.303	0.5709890158463989
-0.302	0.5712760477740018
-0.301	0.5715619791589969
-0.3	0.5718468121701248
-0.299	0.5721305489552762
-0.298	0.5724131916417149
-0.297	0.5726947423362869
-0.296	0.5729752031256322
-0.295	0.5732545760763935
-0.294	0.5735328632354201
-0.293	0.5738100666299716
-0.292	0.5740861882679207
-0.29100000000000004	0.5743612301379466
-0.29000000000000004	0.5746351942097322
-0.28900000000000003	0.5749080824341606
-0.28800000000000003	0.5751798967434988
-0.28700000000000003	0.5754506390515943
-0.28600000000000003	0.5757203112540523
-0.28500000000000003	0.5759889152284277
-0.28400000000000003	0.5762564528344007
-0.28300000000000003	0.5765229259139606
-0.28200000000000003	0.5767883362915768
-0.281	0.5770526857743821
-0.28	0.5773159761523388
-0.279	0.5775782091984112
-0.278	0.5778393866687391
-0.277	0.5780995103027959
-0.276	0.5783585818235625
-0.275	0.5786166029376831
-0.274	0.5788735753356298
-0.273	0.5791295006918618
-0.272	0.5793843806649803
-0.271	0.5796382168978864
-0.27	0.5798910110179335
-0.269	0.580142764637077
-0.268	0.5803934793520293
-0.267	0.5806431567444008
-0.266	0.5808917983808561
-0.265	0.5811394058132485
-0.264	0.58138598057877
-0.263	0.581631524200092
-0.262	0.5818760381855012
-0.261	0.5821195240290427
-0.26	0.5823619832106547
-0.259	0.5826034171963043
-0.258	0.5828438274381175
-0.257	0.5830832153745185
-0.256	0.5833215824303536
-0.255	0.5835589300170235
-0.254	0.5837952595326125
-0.253	0.5840305723620094
-0.252	0.5842648698770386
-0.251	0.5844981534365802
-0.25	0.5847304243866922
-0.249	0.584961684060733
-0.248	0.5851919337794773
-0.247	0.5854211748512399
-0.246	0.5856494085719863
-0.245	0.5858766362254527
-0.244	0.5861028590832583
-0.243	0.586328078405019
-0.242	0.5865522954384583
-0.241	0.5867755114195179
-0.24	0.5869977275724702
-0.239	0.5872189451100208
-0.238	0.5874391652334194
-0.237	0.5876583891325675
-0.236	0.5878766179861162
-0.235	0.5880938529615769
-0.23399999999999999	0.5883100952154201
-0.23299999999999998	0.588525345893178
-0.23199999999999998	0.5887396061295428
-0.23099999999999998	0.5889528770484703
-0.22999999999999998	0.5891651597632724
-0.22899999999999998	0.5893764553767187
-0.22799999999999998	0.5895867649811314
-0.22699999999999998	0.5897960896584784
-0.22599999999999998	0.5900044304804688
-0.22499999999999998	0.5902117885086491
-0.22399999999999998	0.5904181647944893
-0.22299999999999998	0.590623560379478
-0.22199999999999998	0.5908279762952113
-0.22099999999999997	0.5910314135634841
-0.21999999999999997	0.5912338731963739
-0.21899999999999997	0.5914353561963339
-0.21799999999999997	0.5916358635562742
-0.21699999999999997	0.5918353962596503
-0.21699999999999997	0.5918353962596504
-0.21599999999999997	0.5920339552805478
-0.21599999999999997	0.5920339552805478
-0.21499999999999997	0.5922315415837662
-0.21499999999999997	0.5922315415837662
-0.21399999999999997	0.5924281561248992
-0.21399999999999997	0.5924281561248991
-0.21299999999999997	0.5926237998504211
-0.21299999999999997	0.5926237998504211
-0.21199999999999997	0.592818473697764
-0.21199999999999997	0.5928184736977641
-0.21100000000000002	0.593012178595401
-0.21000000000000002	0.5932049154629255
-0.21000000000000002	0.5932049154629255
-0.20900000000000002	0.5933966852111268
-0.20900000000000002	0.5933966852111267
-0.20800000000000002	0.5935874887420723
-0.20800000000000002	0.5935874887420723
-0.20700000000000002	0.5937773269491821
-0.20700000000000002	0.5937773269491822
-0.20600000000000002	0.5939662007173078
-0.20600000000000002	0.5939662007173079
-0.20500000000000002	0.5941541109228052
-0.20500000000000002	0.5941541109228053
-0.20400000000000001	0.5943410584336091
-0.203	0.5945270441093095
-0.202	0.5947120688012256
-0.201	0.5948961333524742
-0.2	0.5950792385980448
-0.199	0.5952613853648713
-0.198	0.5954425744718997
-0.197	0.5956228067301597
-0.196	0.5958020829428318
-0.195	0.5959804039053188
-0.194	0.5961577704053096
-0.193	0.5963341832228484
-0.192	0.5965096431304018
-0.191	0.5966841508929199
-0.19	0.5968577072679068
-0.189	0.5970303130054821
-0.188	0.5972019688484433
-0.187	0.5973726755323302
-0.186	0.5975424337854898
-0.185	0.5977112443291319
-0.184	0.597879107877395
-0.183	0.5980460251374061
-0.182	0.5982119968093392
-0.181	0.5983770235864768
-0.18	0.5985411061552643
-0.179	0.5987042451953727
-0.178	0.5988664413797536
-0.177	0.5990276953746976
-0.176	0.5991880078398898
-0.175	0.5993473794284633
-0.174	0.5995058107870613
-0.173	0.5996633025558842
-0.172	0.5998198553687473
-0.17099999999999999	0.5999754698531341
-0.16999999999999998	0.6001301466302514
-0.16899999999999998	0.6002838863150762
-0.16799999999999998	0.6004366895164145
-0.16699999999999998	0.6005885568369468
-0.16599999999999998	0.6007394888732857
-0.16499999999999998	0.6008894862160182
-0.16399999999999998	0.6010385494497626
-0.16299999999999998	0.6011866791532163
-0.16199999999999998	0.6013338758992024
-0.16099999999999998	0.6014801402547196
-0.15999999999999998	0.6016254727809914
-0.15899999999999997	0.6017698740335125
-0.15799999999999997	0.6019133445620947
-0.15699999999999997	0.602055884910917
-0.15599999999999997	0.6021974956185677
-0.15499999999999997	0.6023381772180925
-0.15399999999999997	0.6024779302370389
-0.15299999999999997	0.6026167551975
-0.15199999999999997	0.6027546526161633
-0.15099999999999997	0.602891623004347
-0.14999999999999997	0.6030276668680488
-0.14899999999999997	0.6031627847079898
-0.14800000000000002	0.6032969770196525
-0.14700000000000002	0.6034302442933247
-0.14600000000000002	0.6035625870141442
-0.14500000000000002	0.6036940056621352
-0.14400000000000002	0.6038245007122516
-0.14300000000000002	0.6039540726344195
-0.14300000000000002	0.6039540726344196
-0.14200000000000002	0.6040827218935726
-0.14200000000000002	0.6040827218935726
-0.14100000000000001	0.604210448949695
-0.14100000000000001	0.604210448949695
-0.14	0.6043372542578586
-0.14	0.6043372542578584
-0.139	0.6044631382682639
-0.139	0.604463138268264
-0.138	0.6045881014262781
-0.138	0.6045881014262782
-0.137	0.6047121441724694
-0.137	0.6047121441724693
-0.136	0.6048352669426498
-0.136	0.6048352669426499
-0.135	0.6049574701679087
-0.135	0.6049574701679087
-0.134	0.6050787542746529
-0.134	0.6050787542746529
-0.133	0.6051991196846376
-0.133	0.6051991196846377
-0.132	0.6053185668150082
-0.132	0.6053185668150081
-0.131	0.6054370960783353
-0.131	0.6054370960783353
-0.13	0.6055547078826445
-0.13	0.6055547078826446
-0.129	0.6056714026314581
-0.129	0.6056714026314581
-0.128	0.6057871807238265
-0.128	0.6057871807238265
-0.127	0.6059020425543604
-0.127	0.6059020425543605
-0.126	0.6060159885132697
-0.126	0.6060159885132697
-0.125	0.6061290189863926
-0.125	0.6061290189863926
-0.124	0.6062411343552312
-0.124	0.6062411343552312
-0.123	0.6063523349969815
-0.123	0.6063523349969816
-0.122	0.606462621284571
-0.121	0.6065719935866842
-0.12	0.6066804522677981
-0.119	0.6067879976882143
-0.118	0.6068946302040876
-0.11699999999999999	0.6070003501674578
-0.11599999999999999	0.6071051579262816
-0.11499999999999999	0.6072090538244579
-0.11399999999999999	0.6073120382018639
-0.11299999999999999	0.6074141113943788
-0.11199999999999999	0.6075152737339159
-0.11099999999999999	0.6076155255484516
-0.10999999999999999	0.6077148671620496
-0.10899999999999999	0.6078132988948975
-0.10799999999999998	0.607910821063324
-0.10699999999999998	0.6080074339798327
-0.10599999999999998	0.6081031379531312
-0.10499999999999998	0.6081979332881493
-0.10399999999999998	0.6082918202860743
-0.10299999999999998	0.6083847992443722
-0.10199999999999998	0.608476870456818
-0.10099999999999998	0.6085680342135124
-0.09999999999999998	0.6086582908009192
-0.09899999999999998	0.6087476405018791
-0.09799999999999998	0.6088360835956432
-0.09699999999999998	0.6089236203578892
-0.09599999999999997	0.6090102510607525
-0.09499999999999997	0.6090959759728471
-0.09399999999999997	0.6091807953592875
-0.09299999999999997	0.609264709481714
-0.09199999999999997	0.609347718598316
-0.09099999999999997	0.6094298229638517
-0.08999999999999997	0.6095110228296752
-0.08899999999999997	0.60959131844375
-0.08799999999999997	0.6096707100506848
-0.08699999999999997	0.6097491978917384
-0.08599999999999997	0.6098267822048544
-0.08499999999999996	0.6099034632246738
-0.08399999999999996	0.6099792411825601
-0.08300000000000002	0.6100541163066171
-0.08200000000000002	0.6101280888217128
-0.08100000000000002	0.6102011589494898
-0.08000000000000002	0.6102733269083994
-0.07900000000000001	0.6103445929137084
-0.07800000000000001	0.6104149571775233
-0.07800000000000001	0.6104149571775233
-0.07700000000000001	0.6104844199088074
-0.07700000000000001	0.6104844199088074
-0.07600000000000001	0.6105529813134029
-0.07600000000000001	0.6105529813134029
-0.07500000000000001	0.6106206415940436
-0.07500000000000001	0.6106206415940437
-0.07400000000000001	0.6106874009503777
-0.07400000000000001	0.6106874009503777
-0.07300000000000001	0.6107532595789823
-0.07300000000000001	0.6107532595789823
-0.07200000000000001	0.6108182176733813
-0.07200000000000001	0.6108182176733813
-0.07100000000000001	0.6108822754240644
-0.07100000000000001	0.6108822754240644
-0.07	0.6109454330185015
-0.07	0.6109454330185016
-0.069	0.6110076906411628
-0.068	0.6110690484735316
-0.067	0.6111295066941199
-0.066	0.6111890654784896
-0.065	0.611247724999262
-0.064	0.6113054854261375
-0.063	0.6113623469259066
-0.062	0.6114183096624712
-0.061	0.6114733737968514
-0.06	0.6115275394872053
-0.059	0.611580806888842
-0.057999999999999996	0.6116331761542326
-0.056999999999999995	0.6116846474330292
-0.055999999999999994	0.611735220872074
-0.05499999999999999	0.6117848966154111
-0.05399999999999999	0.6118336748043073
-0.05299999999999999	0.6118815555772544
-0.05199999999999999	0.6119285390699881
-0.05099999999999999	0.6119746254155006
-0.04999999999999999	0.6120198147440475
-0.04899999999999999	0.6120641071831643
-0.04799999999999999	0.6121075028576768
-0.046999999999999986	0.6121500018897099
-0.045999999999999985	0.6121916043987008
-0.044999999999999984	0.6122323105014085
-0.043999999999999984	0.6122721203119282
-0.04299999999999998	0.6123110339416926
-0.04199999999999998	0.6123490514994944
-0.04099999999999998	0.6123861730914846
-0.03999999999999998	0.6124223988211871
-0.03899999999999998	0.61245772878951
-0.03799999999999998	0.6124921630947512
-0.03699999999999998	0.6125257018326081
-0.035999999999999976	0.6125583450961868
-0.034999999999999976	0.6125900929760122
-0.033999999999999975	0.6126209455600312
-0.032999999999999974	0.6126509029336246
-0.03199999999999997	0.6126799651796164
-0.030999999999999972	0.6127081323782761
-0.02999999999999997	0.6127354046073292
-0.02899999999999997	0.6127617819419653
-0.02799999999999997	0.6127872644548407
-0.02699999999999997	0.61281185221609
-0.025999999999999968	0.6128355452933272
-0.024999999999999967	0.6128583437516586
-0.023999999999999966	0.6128802476536814
-0.022999999999999965	0.6129012570594939
-0.021999999999999964	0.6129213720266994
-0.020999999999999963	0.6129405926104133
-0.020000000000000018	0.6129589188632641
-0.019000000000000017	0.612976350835402
-0.018000000000000016	0.6129928885745026
-0.017000000000000015	0.6130085321257693
-0.016000000000000014	0.6130232815319409
-0.015000000000000013	0.6130371368332893
-0.014000000000000012	0.6130500980676329
-0.013000000000000012	0.6130621652703289
-0.01200000000000001	0.6130733384742861
-0.01100000000000001	0.6130836177099616
-0.010000000000000009	0.6130930030053666
-0.009000000000000008	0.6131014943860668
-0.008000000000000007	0.6131090918751886
-0.007000000000000006	0.6131157954934146
-0.006000000000000005	0.6131216052589931
-0.0050000000000000044	0.6131265211877351
-0.0040000000000000036	0.6131305432930153
-0.0030000000000000027	0.6131336715857766
-0.0020000000000000018	0.6131359060745287
-0.0010000000000000009	0.6131372467653488
0.	0.6131376936618838
0.0010000000000000009	0.6131372467653488
0.0020000000000000018	0.6131359060745287
0.0030000000000000027	0.6131336715857766
0.0040000000000000036	0.6131305432930153
0.0050000000000000044	0.6131265211877351
0.006000000000000005	0.6131216052589931
0.007000000000000006	0.6131157954934146
0.008000000000000007	0.6131090918751886
0.009000000000000008	0.6131014943860668
0.010000000000000009	0.6130930030053666
0.01100000000000001	0.6130836177099616
0.01200000000000001	0.6130733384742861
0.013000000000000012	0.6130621652703289
0.014000000000000012	0.6130500980676329
0.015000000000000013	0.6130371368332893
0.016000000000000014	0.6130232815319409
0.017000000000000015	0.6130085321257693
0.018000000000000016	0.6129928885745026
0.019000000000000017	0.612976350835402
0.020000000000000018	0.6129589188632641
0.02100000000000002	0.6129405926104127
0.02200000000000002	0.6129213720267003
0.02300000000000002	0.6129012570594935
0.02400000000000002	0.6128802476536803
0.025000000000000022	0.6128583437516577
0.026000000000000023	0.6128355452933274
0.027000000000000024	0.6128118522160891
0.028000000000000025	0.6127872644548403
0.029000000000000026	0.6127617819419656
0.030000000000000027	0.6127354046073303
0.031000000000000028	0.6127081323782766
0.03200000000000003	0.6126799651796162
0.03300000000000003	0.6126509029336249
0.03400000000000003	0.6126209455600304
0.03500000000000003	0.6125900929760117
0.03600000000000003	0.6125583450961869
0.03700000000000003	0.6125257018326078
0.038000000000000034	0.6124921630947515
0.039000000000000035	0.6124577287895099
0.040000000000000036	0.6124223988211872
0.041000000000000036	0.6123861730914837
0.04200000000000004	0.612349051499494
0.04300000000000004	0.6123110339416937
0.04400000000000004	0.6122721203119275
0.04500000000000004	0.6122323105014087
0.04600000000000004	0.6121916043986999
0.04700000000000004	0.6121500018897094
0.04800000000000004	0.6121075028576771
0.049000000000000044	0.6120641071831646
0.050000000000000044	0.6120198147440478
0.051000000000000045	0.6119746254155002
0.052000000000000046	0.6119285390699882
0.05300000000000005	0.6118815555772538
0.05400000000000005	0.6118336748043071
0.05500000000000005	0.611784896615412
0.05600000000000005	0.6117352208720734
0.05700000000000005	0.6116846474330292
0.05800000000000005	0.6116331761542326
0.05900000000000005	0.6115808068888413
0.06000000000000005	0.6115275394872052
0.061000000000000054	0.6114733737968514
0.062000000000000055	0.6114183096624716
0.06300000000000006	0.6113623469259071
0.06400000000000006	0.611305485426137
0.06500000000000006	0.6112477249992615
0.06600000000000006	0.6111890654784896
0.06700000000000006	0.6111295066941201
0.06800000000000006	0.6110690484735316
0.06900000000000006	0.6110076906411634
0.07000000000000006	0.6109454330185022
0.07000000000000006	0.6109454330185022
0.07100000000000006	0.6108822754240638
0.07100000000000006	0.6108822754240638
0.07200000000000006	0.6108182176733808
0.07200000000000006	0.6108182176733808
0.07300000000000006	0.6107532595789822
0.07300000000000006	0.6107532595789822
0.07400000000000007	0.6106874009503774
0.07400000000000007	0.6106874009503774
0.07500000000000007	0.6106206415940436
0.07500000000000007	0.6106206415940437
0.07600000000000007	0.6105529813134022
0.07600000000000007	0.6105529813134022
0.07699999999999996	0.6104844199088074
0.07699999999999996	0.6104844199088074
0.07799999999999996	0.6104149571775229
0.07799999999999996	0.6104149571775229
0.07899999999999996	0.6103445929137087
0.07999999999999996	0.6102733269083995
0.08099999999999996	0.6102011589494902
0.08199999999999996	0.6101280888217123
0.08299999999999996	0.6100541163066175
0.08399999999999996	0.6099792411825601
0.08499999999999996	0.6099034632246738
0.08599999999999997	0.6098267822048544
0.08699999999999997	0.6097491978917384
0.08799999999999997	0.6096707100506848
0.08899999999999997	0.60959131844375
0.08999999999999997	0.6095110228296752
0.09099999999999997	0.6094298229638517
0.09199999999999997	0.609347718598316
0.09299999999999997	0.609264709481714
0.09399999999999997	0.6091807953592875
0.09499999999999997	0.6090959759728471
0.09599999999999997	0.6090102510607525
0.09699999999999998	0.6089236203578892
0.09799999999999998	0.6088360835956432
0.09899999999999998	0.6087476405018791
0.09999999999999998	0.6086582908009192
0.10099999999999998	0.6085680342135124
0.10199999999999998	0.608476870456818
0.10299999999999998	0.6083847992443722
0.10399999999999998	0.6082918202860743
0.10499999999999998	0.6081979332881493
0.10599999999999998	0.6081031379531312
0.10699999999999998	0.6080074339798327
0.10799999999999998	0.607910821063324
0.10899999999999999	0.6078132988948975
0.10999999999999999	0.6077148671620496
0.11099999999999999	0.6076155255484516
0.11199999999999999	0.6075152737339159
0.11299999999999999	0.6074141113943788
0.11399999999999999	0.6073120382018639
0.11499999999999999	0.6072090538244579
0.11599999999999999	0.6071051579262816
0.11699999999999999	0.6070003501674578
0.118	0.6068946302040876
0.119	0.6067879976882143
0.12	0.6066804522677981
0.121	0.6065719935866842
0.122	0.606462621284571
0.123	0.6063523349969815
0.123	0.6063523349969816
0.124	0.6062411343552312
0.124	0.6062411343552312
0.125	0.6061290189863926
0.125	0.6061290189863926
0.126	0.6060159885132697
0.126	0.6060159885132697
0.127	0.6059020425543604
0.127	0.6059020425543605
0.128	0.6057871807238265
0.128	0.6057871807238265
0.129	0.6056714026314581
0.129	0.6056714026314581
0.13	0.6055547078826445
0.13	0.6055547078826446
0.131	0.6054370960783353
0.131	0.6054370960783353
0.132	0.6053185668150082
0.132	0.6053185668150081
0.133	0.6051991196846376
0.133	0.6051991196846377
0.134	0.6050787542746529
0.134	0.6050787542746529
0.135	0.6049574701679087
0.135	0.6049574701679087
0.136	0.6048352669426498
0.136	0.6048352669426499
0.137	0.6047121441724694
0.137	0.6047121441724693
0.138	0.6045881014262781
0.138	0.6045881014262782
0.139	0.6044631382682639
0.139	0.604463138268264
0.14	0.6043372542578586
0.14	0.6043372542578584
0.14100000000000001	0.604210448949695
0.14100000000000001	0.604210448949695
0.14200000000000002	0.6040827218935726
0.14200000000000002	0.6040827218935726
0.14300000000000002	0.6039540726344195
0.14300000000000002	0.6039540726344196
0.14400000000000002	0.6038245007122516
0.14500000000000002	0.6036940056621352
0.14600000000000002	0.6035625870141442
0.14700000000000002	0.6034302442933247
0.14800000000000002	0.6032969770196525
0.14900000000000002	0.6031627847079898
0.15000000000000002	0.6030276668680489
0.15100000000000002	0.6028916230043473
0.15200000000000002	0.6027546526161633
0.15300000000000002	0.6026167551975007
0.15400000000000003	0.602477930237039
0.15500000000000003	0.6023381772180929
0.15600000000000003	0.6021974956185682
0.15700000000000003	0.6020558849109175
0.15800000000000003	0.6019133445620947
0.15900000000000003	0.6017698740335129
0.16000000000000003	0.6016254727809917
0.16100000000000003	0.6014801402547196
0.16200000000000003	0.6013338758992024
0.16300000000000003	0.6011866791532163
0.16400000000000003	0.6010385494497626
0.16500000000000004	0.6008894862160177
0.16600000000000004	0.6007394888732857
0.16700000000000004	0.6005885568369475
0.16800000000000004	0.6004366895164143
0.16900000000000004	0.6002838863150763
0.17000000000000004	0.6001301466302514
0.17100000000000004	0.5999754698531349
0.17200000000000004	0.5998198553687473
0.17300000000000004	0.5996633025558841
0.17400000000000004	0.5995058107870613
0.17500000000000004	0.5993473794284633
0.17600000000000005	0.599188007839889
0.17700000000000005	0.5990276953746971
0.17800000000000005	0.5988664413797539
0.17900000000000005	0.5987042451953726
0.18000000000000005	0.5985411061552645
0.18100000000000005	0.5983770235864769
0.18200000000000005	0.59821199680934
0.18300000000000005	0.5980460251374061
0.18400000000000005	0.5978791078773947
0.18500000000000005	0.5977112443291309
0.18600000000000005	0.5975424337854898
0.18700000000000006	0.5973726755323302
0.18800000000000006	0.5972019688484433
0.18900000000000006	0.5970303130054827
0.19000000000000006	0.5968577072679071
0.19100000000000006	0.5966841508929199
0.19200000000000006	0.5965096431304014
0.19300000000000006	0.5963341832228481
0.19400000000000006	0.5961577704053096
0.19500000000000006	0.5959804039053188
0.19600000000000006	0.5958020829428318
0.19700000000000006	0.5956228067301599
0.19800000000000006	0.5954425744719
0.19900000000000007	0.5952613853648713
0.20000000000000007	0.5950792385980448
0.20100000000000007	0.594896133352474
0.20200000000000007	0.5947120688012256
0.20300000000000007	0.5945270441093098
0.20399999999999996	0.594341058433609
0.20499999999999996	0.5941541109228049
0.20499999999999996	0.5941541109228048
0.20599999999999996	0.5939662007173079
0.20599999999999996	0.5939662007173078
0.20699999999999996	0.5937773269491823
0.20699999999999996	0.5937773269491823
0.20799999999999996	0.5935874887420723
0.20799999999999996	0.5935874887420723
0.20899999999999996	0.5933966852111265
0.20899999999999996	0.5933966852111265
0.20999999999999996	0.5932049154629255
0.20999999999999996	0.5932049154629255
0.21099999999999997	0.5930121785954017
0.21199999999999997	0.592818473697764
0.21199999999999997	0.5928184736977641
0.21299999999999997	0.5926237998504211
0.21299999999999997	0.5926237998504211
0.21399999999999997	0.5924281561248992
0.21399999999999997	0.5924281561248991
0.21499999999999997	0.5922315415837662
0.21499999999999997	0.5922315415837662
0.21599999999999997	0.5920339552805478
0.21599999999999997	0.5920339552805478
0.21699999999999997	0.5918353962596503
0.21699999999999997	0.5918353962596504
0.21799999999999997	0.5916358635562742
0.21899999999999997	0.5914353561963339
0.21999999999999997	0.5912338731963739
0.22099999999999997	0.5910314135634841
0.22199999999999998	0.5908279762952113
0.22299999999999998	0.590623560379478
0.22399999999999998	0.5904181647944893
0.22499999999999998	0.5902117885086491
0.22599999999999998	0.5900044304804688
0.22699999999999998	0.5897960896584784
0.22799999999999998	0.5895867649811314
0.22899999999999998	0.5893764553767187
0.22999999999999998	0.5891651597632724
0.23099999999999998	0.5889528770484703
0.23199999999999998	0.5887396061295428
0.23299999999999998	0.588525345893178
0.23399999999999999	0.5883100952154201
0.235	0.5880938529615769
0.236	0.5878766179861162
0.237	0.5876583891325675
0.238	0.5874391652334194
0.239	0.5872189451100208
0.24	0.5869977275724702
0.241	0.5867755114195179
0.242	0.5865522954384583
0.243	0.586328078405019
0.244	0.5861028590832583
0.245	0.5858766362254527
0.246	0.5856494085719863
0.247	0.5854211748512399
0.248	0.5851919337794773
0.249	0.584961684060733
0.25	0.5847304243866922
0.251	0.5844981534365802
0.252	0.5842648698770386
0.253	0.5840305723620094
0.254	0.5837952595326125
0.255	0.5835589300170235
0.256	0.5833215824303536
0.257	0.5830832153745185
0.258	0.5828438274381175
0.259	0.5826034171963043
0.26	0.5823619832106547
0.261	0.5821195240290427
0.262	0.5818760381855012
0.263	0.581631524200092
0.264	0.58138598057877
0.265	0.5811394058132485
0.266	0.5808917983808561
0.267	0.5806431567444008
0.268	0.5803934793520293
0.269	0.580142764637077
0.27	0.5798910110179335
0.271	0.5796382168978864
0.272	0.5793843806649803
0.273	0.5791295006918618
0.274	0.5788735753356298
0.275	0.5786166029376831
0.276	0.5783585818235625
0.277	0.5780995103027959
0.278	0.5778393866687391
0.279	0.5775782091984112
0.28	0.5773159761523388
0.281	0.5770526857743821
0.28200000000000003	0.5767883362915768
0.28300000000000003	0.5765229259139606
0.28400000000000003	0.5762564528344007
0.28500000000000003	0.5759889152284277
0.28600000000000003	0.5757203112540523
0.28700000000000003	0.5754506390515943
0.28800000000000003	0.5751798967434988
0.28900000000000003	0.5749080824341606
0.29000000000000004	0.5746351942097322
0.29100000000000004	0.5743612301379466
0.29200000000000004	0.5740861882679207
0.29300000000000004	0.5738100666299717
0.29400000000000004	0.5735328632354201
0.29500000000000004	0.5732545760763935
0.29600000000000004	0.5729752031256322
0.29700000000000004	0.5726947423362869
0.29800000000000004	0.5724131916417149
0.29900000000000004	0.5721305489552762
0.30000000000000004	0.5718468121701245
0.30100000000000005	0.5715619791589969
0.30200000000000005	0.5712760477740012
0.30300000000000005	0.5709890158463989
0.30400000000000005	0.5707008811863855
0.30500000000000005	0.5704116415828716
0.30600000000000005	0.5701212948032541
0.30700000000000005	0.5698298385931945
0.30800000000000005	0.5695372706763819
0.30900000000000005	0.5692435887543055
0.31000000000000005	0.5689487905060161
0.31100000000000005	0.5686528735878829
0.31200000000000006	0.5683558356333572
0.31300000000000006	0.568057674252722
0.31400000000000006	0.5677583870328438
0.31500000000000006	0.5674579715369238
0.31600000000000006	0.5671564253042337
0.31700000000000006	0.5668537458498675
0.31800000000000006	0.5665499306644687
0.31900000000000006	0.5662449772139717
0.32000000000000006	0.5659388829393267
0.32100000000000006	0.5656316452562312
0.32200000000000006	0.565323261554847
0.32300000000000006	0.5650137291995252
0.32400000000000007	0.5647030455285186
0.32500000000000007	0.5643912078536918
0.32600000000000007	0.5640782134602327
0.32700000000000007	0.5637640596063529
0.32800000000000007	0.5634487435229846
0.32900000000000007	0.563132262413483
0.33000000000000007	0.5628146134533112
0.33100000000000007	0.5624957937897301
0.3320000000000001	0.562175800541476
0.33299999999999996	0.5618546307984443
0.33399999999999996	0.561532281621359
0.33499999999999996	0.5612087500414428
0.33599999999999997	0.5608840330600809
0.33699999999999997	0.5605581276484793
0.33799999999999997	0.5602310307473184
0.33899999999999997	0.5599027392664058
0.33999999999999997	0.5595732500843156
0.34099999999999997	0.5592425600480317
0.34199999999999997	0.5589106659725814
0.34299999999999997	0.55857756464066
0.344	0.558243252802259
0.345	0.557907727174279
0.346	0.5575709844401489
0.347	0.5572330212494228
0.348	0.5568938342173895
0.349	0.556553419924659
0.35	0.5562117749167591
0.351	0.5558688957037118
0.352	0.5555247787596134
0.353	0.5551794205222006
0.354	0.5548328173924166
0.355	0.5544849657339691
0.356	0.5541358618728751
0.357	0.5537855020970107
0.358	0.5534338826556409
0.359	0.5530809997589546
0.36	0.5527268495775799
0.361	0.5523714282421052
0.362	0.5520147318425825
0.363	0.5516567564280259
0.364	0.5512974980059036
0.365	0.5509369525416239
0.366	0.5505751159580056
0.367	0.55021198413475
0.368	0.5498475529078967
0.369	0.5494818180692711
0.37	0.549114775365932
0.371	0.5487464204995974
0.372	0.5483767491260713
0.373	0.5480057568546541
0.374	0.5476334392475521
0.375	0.5472597918192647
0.376	0.5468848100359738
0.377	0.5465084893149209
0.378	0.5461308250237623
0.379	0.5457518124799313
0.38	0.545371446949977
0.381	0.5449897236488964
0.382	0.5446066377394578
0.383	0.5442221843315075
0.384	0.5438363584812682
0.385	0.5434491551906258
0.386	0.5430605694064009
0.387	0.542670596019615
0.388	0.5422792298647344
0.389	0.5418864657189074
0.39	0.5414922983011888
0.391	0.5410967222717473
0.392	0.540699732231061
0.393	0.5403013227190994
0.394	0.5399014882144928
0.395	0.5395002231336794
0.396	0.5390975218300474
0.397	0.5386933785930562
0.398	0.5382877876473389
0.399	0.5378807431518019
0.4	0.5374722391986899
0.401	0.5370622698126475
0.402	0.5366508289497609
0.403	0.536237910496579
0.404	0.5358235082691184
0.405	0.535407616011853
0.406	0.5349902273966773
0.40700000000000003	0.5345713360218641
0.40800000000000003	0.534150935410984
0.40900000000000003	0.5337290190118243
0.41000000000000003	0.5333055801952726
0.41100000000000003	0.5328806122541888
0.41200000000000003	0.5324541084022504
0.41300000000000003	0.5320260617727786
0.41400000000000003	0.5315964654175416
0.41500000000000004	0.5311653123055349
0.41600000000000004	0.5307325953217353
0.41700000000000004	0.5302983072658393
0.41800000000000004	0.5298624408509663
0.41900000000000004	0.5294249887023429
0.42000000000000004	0.5289859433559607
0.42100000000000004	0.5285452972572082
0.42200000000000004	0.5281030427594738
0.42300000000000004	0.5276591721227203
0.42400000000000004	0.5272136775120372
0.42500000000000004	0.5267665509961558
0.42600000000000005	0.5263177845459402
0.42700000000000005	0.5258673700328454
0.42800000000000005	0.5254152992273481
0.42900000000000005	0.5249615637973368
0.43000000000000005	0.524506155306476
0.43100000000000005	0.5240490652125415
0.43200000000000005	0.523590284865706
0.43300000000000005	0.5231298055068058
0.43400000000000005	0.522667618265559
0.43500000000000005	0.5222037141587554
0.43600000000000005	0.5217380840883998
0.43700000000000006	0.5212707188398249
0.43800000000000006	0.5208016090797578
0.43900000000000006	0.5203307453543472
0.44000000000000006	0.5198581180871507
0.44100000000000006	0.5193837175770714
0.44200000000000006	0.5189075339962628
0.44300000000000006	0.5184295573879719
0.44400000000000006	0.5179497776643507
0.44500000000000006	0.5174681846042073
0.44600000000000006	0.5169847678507178
0.44700000000000006	0.5164995169090776
0.44800000000000006	0.5160124211441076
0.44900000000000007	0.515523469777803
0.45000000000000007	0.51503265188683
0.45100000000000007	0.5145399563999639
0.45200000000000007	0.5140453720954667
0.45300000000000007	0.5135488875984103
0.45400000000000007	0.513050491377934
0.45500000000000007	0.5125501717444374
0.45600000000000007	0.5120479168467178
0.4570000000000001	0.5115437146690227
0.4580000000000001	0.5110375530280533
0.4590000000000001	0.510529419569888
0.45999999999999996	0.510019301766824
0.46099999999999997	0.5095071869141632
0.46199999999999997	0.508993062126905
0.46299999999999997	0.5084769143363675
0.46399999999999997	0.5079587302867237
0.46499999999999997	0.5074384965314521
0.46599999999999997	0.5069161994297088
0.46699999999999997	0.5063918251425961
0.46799999999999997	0.5058653596293542
0.469	0.5053367886434436
0.47	0.5048060977285435
0.471	0.5042732722144386
0.472	0.5037382972128036
0.473	0.5032011576128905
0.474	0.5026618380770875
0.475	0.5021203230363822
0.476	0.5015765966856955
0.477	0.5010306429790947
0.478	0.5004824456248897
0.479	0.49993198808058864
0.48	0.4993792535477306
0.481	0.4988242249665714
0.482	0.49826688501063016
0.483	0.4977072160810949
0.484	0.49714520030106407
0.485	0.49658081950964467
0.486	0.49601405525587583
0.487	0.49544488879249
0.488	0.49487330106950433
0.489	0.4942992727276241
0.49	0.49372278409146875
0.491	0.4931438151626013
0.492	0.49256234561235746
0.493	0.4919783547744756
0.494	0.4913918216375052
0.495	0.4908027248370017
0.496	0.4902110426474898
0.497	0.4896167529741931
0.498	0.4890198333445089
0.499	0.4884202608992423
0.5	0.48781801238356753
0.5010000000000001	0.4872130641377194
0.502	0.48660539208740106
0.5030000000000001	0.48599497173389294
0.504	0.4853817781438687
0.5050000000000001	0.4847657859388776
0.506	0.4841469692845131
0.5070000000000001	0.48352530187923026
0.508	0.482900756942813
0.5090000000000001	0.48227330720446865
0.51	0.48164292489054644
0.5110000000000001	0.48100958171184854
0.512	0.4803732488505336
0.5130000000000001	0.4797338969465854
0.514	0.47909149608383683
0.5150000000000001	0.4784460157755222
0.516	0.47779742494934835
0.5170000000000001	0.4771456919320573
0.518	0.4764907844334611
0.5190000000000001	0.47583266952992986
0.52	0.4751713136473058
0.5210000000000001	0.47450668254321754
0.522	0.47383874128877507
0.5230000000000001	0.47316745424961665
0.524	0.4724927850662725
0.5249999999999999	0.4718146966338237
0.526	0.47113315108081694
0.5269999999999999	0.4704481097474144
0.528	0.46975953316273067
0.5289999999999999	0.4690673810213259
0.53	0.4683716121588145
0.5309999999999999	0.46767218452655246
0.532	0.4669690551653571
0.5329999999999999	0.46626218017821325
0.534	0.46555151470191664
0.5349999999999999	0.4648370128776096
0.536	0.4641186278201457
0.5369999999999999	0.4633963115862401
0.538	0.4626700151413265
0.5389999999999999	0.4619396883250813
0.54	0.46120527981552095
0.5409999999999999	0.46046673709162256
0.542	0.4597240063943792
0.5429999999999999	0.4589770326862186
0.544	0.4582257596086879
0.5449999999999999	0.45747012943833176
0.546	0.45671008304064686
0.5469999999999999	0.4559455598220202
0.548	0.4551764976795534
0.5489999999999999	0.4544028329486343
0.55	0.4536245003481488
0.5509999999999999	0.4528414329231982
0.552	0.4520535619851743
0.5529999999999999	0.4512608170490551
0.554	0.45046312576774644
0.5549999999999999	0.44966041386331373
0.556	0.4488526050549064
0.5569999999999999	0.4480396209831906
0.558	0.44722138113107385
0.5589999999999999	0.44639780274050156
0.56	0.4455688007250786
0.5609999999999999	0.44473428757826977
0.562	0.44389417327688047
0.563	0.4430483651795422
0.5640000000000001	0.4421967679198716
0.565	0.4413392832939476
0.5660000000000001	0.44047581014175263
0.567	0.43960624422217154
0.5680000000000001	0.43873047808109583
0.569	0.43784840091219107
0.5700000000000001	0.4369598984098098
0.571	0.43606485261349304
0.5720000000000001	0.4351631417434793
0.573	0.434254640026571
0.5740000000000001	0.4333392175116529
0.575	0.4324167398741131
0.5760000000000001	0.4314870682083304
0.577	0.43055005880732095
0.5780000000000001	0.4296055629285792
0.579	0.4286534265450212
0.5800000000000001	0.4276934900798576
0.581	0.42672558812412453
0.5820000000000001	0.4257495491354523
0.583	0.42476519511652416
0.5840000000000001	0.42377234127153723
0.585	0.4227707956387927
0.5860000000000001	0.42176035869734835
0.587	0.4207408229454697
0.5880000000000001	0.4197119724483631
0.589	0.418673582352417
0.5900000000000001	0.4176254183628508
0.591	0.416567236181373
0.5920000000000001	0.41549878090000814
0.593	0.4144197863468742
0.5940000000000001	0.4133299743791445
0.595	0.4122290541179156
0.5960000000000001	0.41111672111900105
0.597	0.4099926564730085
0.5980000000000001	0.40885652582715304
0.599	0.40770797832033834
0.6000000000000001	0.40654664542191227
0.601	0.4053721396632387
0.6020000000000001	0.4041840532497102
0.603	0.40298195653916935
0.6040000000000001	0.4017653963706459
0.605	0.4005338942250237
0.6060000000000001	0.3992869441965017
0.607	0.39802401075049776
0.6080000000000001	0.39674452623985296
0.609	0.39544788814671084
0.6100000000000001	0.3941334560120919
0.611	0.39280054800883
0.6120000000000001	0.39144843710587746
0.613	0.39007634676281194
0.6140000000000001	0.3886834460822135
0.615	0.38726884433408987
0.6160000000000001	0.38583158474992163
0.617	0.3843706374636406
0.6180000000000001	0.38288489145162635
0.619	0.3813731452925761
0.6200000000000001	0.37983409652890643
0.621	0.37826632936191756
0.6220000000000001	0.37666830035017934
0.623	0.3750383217001722
0.6240000000000001	0.37337454163436
0.625	0.3716749211864552
0.6260000000000001	0.36993720659541596
0.627	0.36815889623263737
0.6280000000000001	0.366337200677765
0.629	0.3644689941239719
0.6300000000000001	0.3625507546935655
0.631	0.36057849040409123
0.6320000000000001	0.3585476463281816
0.633	0.3564529867557685
0.6340000000000001	0.3542884436035092
0.635	0.3520469184435211
0.6360000000000001	0.34972001952818105
0.637	0.3472977056467019
0.6380000000000001	0.34476779297941335
0.639	0.3421152544329596
0.6400000000000001	0.33932119355104384
0.641	0.3363612866564506
0.6420000000000001	0.33320331173075335
0.643	0.32980300953107683
0.6440000000000001	0.326096652210315
0.645	0.32198640857313165
0.6460000000000001	0.31730752863048417
0.647	0.3117385435740327
0.6480000000000001	0.3044481066869053
